1.000000000 0.000000000 0.000000000 0.000000000 0.000000000 1.000000000 0.000000000 0.000000000 0.000000000 0.000000000 1.000000000 0.000000000
0.999961674 0.008616857 -0.001555117 -0.013983644 -0.008612464 0.999958992 0.002810284 -0.028281312 0.001579269 -0.002796783 0.999994814 0.092452846
0.999939322 0.003812866 0.010335171 -0.038651798 -0.003798985 0.999991834 -0.001362314 -0.044792596 -0.010340281 0.001322968 0.999945641 0.165184960
0.999847174 -0.005242751 0.016676402 -0.045142040 0.005281407 0.999983490 -0.002274762 -0.048938740 -0.016664200 0.002362489 0.999858379 0.184880480
0.999434829 -0.007682781 0.032726578 -0.054886036 0.007748702 0.999968171 -0.001887944 -0.053862143 -0.032711033 0.002140466 0.999462545 0.203083083
0.998124659 -0.008373842 0.060639039 -0.040426787 0.007963412 0.999943733 0.007006912 -0.040896021 -0.060694300 -0.006510878 0.998135149 0.153916582
0.996760070 -0.014762023 0.079065740 -0.025254112 0.014042118 0.999854803 0.009653440 -0.028354723 -0.079196766 -0.008511913 0.996822655 0.120131932
0.993969738 -0.013815076 0.108781017 -0.020333266 0.013221005 0.999893486 0.006180543 -0.016911568 -0.108854815 -0.004705079 0.994046509 0.073245585
0.992010176 -0.028331177 0.122935802 -0.017463529 0.028802741 0.999583006 -0.002060003 -0.008012942 -0.122826174 0.005584431 0.992412508 0.052807916
0.989998221 -0.033433929 0.137060955 -0.014319170 0.035239704 0.999320865 -0.010769104 -0.002236760 -0.136607826 0.015491381 0.990504086 0.037528943
0.986234426 -0.025311273 0.163404509 -0.012106007 0.027592948 0.999550641 -0.011708462 0.001533420 -0.163034737 0.016056100 0.986489654 0.024700440
0.981386900 -0.025698949 0.190313742 -0.011576186 0.029435573 0.999424934 -0.016832819 0.003403731 -0.189771712 0.022121502 0.981579006 0.018210968
0.973176956 0.000334487 0.230057612 -0.011247560 0.006248355 0.999591589 -0.027884776 0.004424261 -0.229972988 0.028574303 0.972777426 0.004202928
0.962754607 0.012471364 0.270089000 -0.010552674 -0.003742535 0.999454618 -0.032809258 0.008967656 -0.270350873 0.030576445 0.962276220 -0.015435452
0.951363742 0.028451754 0.306753248 -0.010249284 -0.016628571 0.999017119 -0.041088305 0.012882962 -0.307620794 0.033989053 0.950901747 -0.026800213
0.937036991 0.046003997 0.346186876 -0.010724039 -0.031957850 0.998421967 -0.046176549 0.018459801 -0.347764909 0.032205746 0.937028468 -0.046847221
0.920743108 0.069209956 0.383981854 -0.007246346 -0.049343117 0.996895015 -0.061364159 0.018598409 -0.387036622 0.037553765 0.921299279 -0.043017793
0.907239437 0.080941558 0.412753046 -0.000791701 -0.054071769 0.995610774 -0.076390103 0.016009694 -0.417124510 0.046985827 0.907634020 -0.031990774
0.893757343 0.087376833 0.439958125 0.004809222 -0.057347968 0.995053113 -0.081120059 0.013724000 -0.444869727 0.047270946 0.894346893 -0.025178241
0.874312580 0.113614127 0.471878499 0.009122423 -0.072218776 0.991846740 -0.104997411 0.015798582 -0.479960352 0.057722073 0.875389159 -0.024731338
0.858988881 0.128092155 0.495712042 0.012677562 -0.081796527 0.990096092 -0.114100978 0.015540434 -0.505418003 0.057463948 0.860959053 -0.027167236
0.839622378 0.141355142 0.524454892 0.015174522 -0.092459910 0.988646567 -0.118444629 0.016234389 -0.535243273 0.050957713 0.843159497 -0.033038896
0.819842160 0.155505374 0.551068902 0.013356614 -0.099898838 0.986500621 -0.129756689 0.019899040 -0.563807666 0.051328864 0.824309587 -0.043567471
0.800422728 0.175249547 0.573246121 0.017470427 -0.112435088 0.983228922 -0.143594220 0.020427801 -0.588796973 0.050483111 0.806702971 -0.042370394
0.781116128 0.191919982 0.594158471 0.019989029 -0.123910010 0.980309486 -0.153751701 0.022335250 -0.611967206 0.046475746 0.789516389 -0.046647713
0.763677478 0.206683576 0.611619711 0.025672326 -0.137576506 0.977708519 -0.158615246 0.023059938 -0.630768955 0.036986396 0.775088787 -0.051093649
0.756385326 0.201899946 0.622187793 0.032185011 -0.134062514 0.978830814 -0.154652625 0.019487364 -0.640240967 0.033564929 0.767440498 -0.054195449
0.739758611 0.260533750 0.620386481 0.141844913 -0.182281330 0.965115905 -0.187949091 0.317303210 -0.647711933 0.025952088 0.761443198 -1.349266171
0.728767455 0.271393567 0.628683984 0.142291799 -0.179110825 0.961692810 -0.207524121 0.323880792 -0.660921574 0.038632721 0.749459922 -1.364004493
0.721397877 0.270218939 0.637625992 0.141661167 -0.180767030 0.962287009 -0.203290403 0.325428754 -0.668512166 0.031391520 0.743038476 -1.368104696
0.711414218 0.270844698 0.648485065 0.140630573 -0.186741054 0.962433040 -0.197104990 0.326765925 -0.677508354 0.019124517 0.735266447 -1.372357965
0.703736782 0.273933649 0.655526459 0.140195251 -0.191023037 0.961657107 -0.196788847 0.327366948 -0.684298754 0.013266891 0.729081094 -1.374038219
0.695523143 0.276301533 0.663253427 0.135550469 -0.185559377 0.960863054 -0.205693781 0.333652258 -0.694129229 0.019991897 0.719572783 -1.383280754
0.699233055 0.275754184 0.659570217 0.140564740 -0.173985869 0.960513353 -0.217124566 0.326609254 -0.693398952 0.037064794 0.719599962 -1.372503757
0.712316930 0.261749089 0.651223540 0.141988933 -0.165087327 0.964308739 -0.207014084 0.324781507 -0.682166278 0.039950896 0.730104923 -1.366417885
0.707032800 0.270996183 0.653196573 0.143030196 -0.166635931 0.961496711 -0.218532801 0.323568016 -0.687267900 0.045663852 0.724967360 -1.364391088
0.696597219 0.283342034 0.659143150 0.144265920 -0.170487344 0.957770824 -0.231536537 0.322670966 -0.696912050 0.048912156 0.715486646 -1.363139749
0.685378134 0.288188487 0.668733358 0.144052237 -0.173618361 0.956540763 -0.234278470 0.320898592 -0.707187057 0.044464983 0.705626965 -1.362757444
0.680079103 0.275247991 0.679507971 0.140223324 -0.167176202 0.960651219 -0.221813858 0.321039408 -0.713823915 0.037253413 0.699333668 -1.366788149
0.676822364 0.270067751 0.684817493 0.144903958 -0.162250891 0.962123990 -0.219071001 0.318475753 -0.718043327 0.037159916 0.695005774 -1.363840699
0.667615116 0.279892415 0.689891517 0.145571351 -0.166027009 0.959278166 -0.228517875 0.321752191 -0.725758314 0.038021371 0.686898291 -1.369444966
0.661780775 0.284945965 0.693434954 0.144557714 -0.168021992 0.957796752 -0.233225316 0.324831426 -0.730626345 0.037831705 0.681728601 -1.373462439
0.653343320 0.302552968 0.693977118 0.141947776 -0.181385472 0.952530563 -0.244509429 0.327391922 -0.735011458 0.033871248 0.677208185 -1.376760364
0.653784513 0.295247078 0.696703017 0.141029894 -0.177644506 0.954891264 -0.237960294 0.326578200 -0.735532701 0.031809330 0.676742136 -1.372172832
0.650703073 0.289341003 0.702045143 0.142598838 -0.171951130 0.956686318 -0.234912932 0.322899491 -0.739606917 0.032141130 0.672271252 -1.363107920
0.631124198 0.279773772 0.723470092 0.112348557 -0.144478112 0.958766818 -0.244729072 0.354180992 -0.762107849 0.049928859 0.645522118 -1.421487451
0.615444183 0.292061210 0.732071519 0.127232611 -0.159666419 0.955752730 -0.247069493 0.341283053 -0.771838784 0.035170253 0.634844840 -1.402820230
0.599592388 0.292777240 0.744829178 0.128914684 -0.164020211 0.955880582 -0.243699923 0.341452241 -0.783317566 0.023953592 0.621160150 -1.405275345
0.579959333 0.298417866 0.758019745 0.129051477 -0.167604551 0.954293311 -0.247453094 0.342311442 -0.797217607 0.016465174 0.603467464 -1.406314850
0.558126748 0.306013346 0.771265388 0.125607729 -0.165275589 0.951883078 -0.258074820 0.345819414 -0.813128829 0.016567124 0.581847906 -1.412543535
0.539403915 0.312920034 0.781744480 0.119471967 -0.162567437 0.949619234 -0.267946064 0.350951314 -0.826205313 0.017444976 0.563098967 -1.420164585
0.513524890 0.338044733 0.788681209 0.115941167 -0.172689155 0.941037595 -0.290906698 0.354305089 -0.840518117 0.013191173 0.541622877 -1.425241113
0.486882329 0.361490220 0.795154452 0.111143291 -0.185856536 0.932370484 -0.310068786 0.358127713 -0.853465378 0.003182407 0.521140039 -1.430875659
0.474261403 0.359024644 0.803851664 0.106124699 -0.173624903 0.933279335 -0.314394683 0.362921238 -0.863093615 0.009536605 0.504953980 -1.437780142
0.451645672 0.360783309 0.815997303 0.100219548 -0.166634724 0.932609975 -0.320111662 0.368501961 -0.876498163 0.008603574 0.481328309 -1.445675373
0.433253586 0.353673369 0.828979194 0.091897905 -0.148529932 0.935230255 -0.321377069 0.375703275 -0.888948917 0.016109595 0.457722962 -1.456325293
0.416361094 0.345692009 0.840916514 0.082424402 -0.129609749 0.938019156 -0.321436524 0.382691532 -0.899913847 0.024842722 0.435359716 -1.467584848
0.385190368 0.343678296 0.856454134 0.067474365 -0.115668051 0.938727558 -0.324671328 0.396109819 -0.915559590 0.025995897 0.401341379 -1.482558966
0.357059360 0.345951319 0.867655754 0.058830678 -0.106218845 0.937898874 -0.330247283 0.404221445 -0.928022802 0.025756538 0.371632099 -1.490838289
0.328292847 0.364313155 0.871492922 0.051527739 -0.114000894 0.931166053 -0.346314251 0.412507713 -0.937671423 0.014341558 0.347227216 -1.500268459
0.295153260 0.379418671 0.876884282 0.046012044 -0.116913639 0.925216317 -0.360979110 0.419145048 -0.948269904 0.004024441 0.317439854 -1.507088542
0.262834191 0.386201620 0.884175718 0.037784159 -0.111569963 0.922413230 -0.369737715 0.426663339 -0.958368659 -0.001467703 0.285530210 -1.513619423
0.232428014 0.376432717 0.896814167 0.026224256 -0.096592180 0.926441669 -0.363834828 0.436585218 -0.967805386 -0.002059811 0.251691401 -1.520154476
0.197149515 0.369403213 0.908115208 0.020101666 -0.091947265 0.929179430 -0.358010173 0.441916168 -0.976052105 -0.012917181 0.217152894 -1.523905277
0.157646298 0.370178968 0.915486276 0.015997291 -0.087988436 0.928656936 -0.360352993 0.446794689 -0.983567774 -0.023743898 0.178970814 -1.526960492
0.125058472 0.378343821 0.917178512 0.018056750 -0.090102628 0.924946785 -0.369262725 0.451019973 -0.988049567 -0.036460754 0.149762213 -1.530190945
0.111137867 0.373273700 0.921040237 0.019658208 -0.077834785 0.927204192 -0.366379797 0.450594842 -0.990752280 -0.030970303 0.132101178 -1.531121016
0.090130270 0.358521521 0.929160357 0.015746951 -0.062248129 0.933161259 -0.354027122 0.453348726 -0.993982852 -0.025929892 0.106423378 -1.532612562
0.053000152 0.368923604 0.927947402 0.013365746 -0.071827948 0.928254843 -0.364943355 0.458152175 -0.996007919 -0.047310524 0.075696647 -1.535122871
0.005872726 0.393460155 0.919323027 0.015007019 -0.084398024 0.916253626 -0.391607344 0.464978278 -0.996414900 -0.075289182 0.038588166 -1.536640644
-0.046493411 0.414289653 0.908956766 0.012715340 -0.100368984 0.903398395 -0.416890144 0.474206150 -0.993863404 -0.110613711 -0.000420332 -1.539410472
-0.094827056 0.425913960 0.899780750 0.017970443 -0.116178446 0.892942488 -0.434921026 0.473213673 -0.988691390 -0.145777345 -0.035193086 -1.534325004
-0.144913912 0.436063975 0.888171256 0.027237535 -0.132129937 0.881078184 -0.454139799 0.467631966 -0.980582297 -0.183165178 -0.070063353 -1.527132750
-0.197740197 0.444441527 0.873710752 0.024078965 -0.159532532 0.864836335 -0.476033032 0.474192709 -0.967185676 -0.233516157 -0.100110054 -1.529543757
-0.216279149 0.442509115 0.870292425 0.031099319 -0.169719785 0.860778630 -0.479849309 0.466106117 -0.961466849 -0.251487285 -0.111065865 -1.525659919
-0.239699960 0.443282276 0.863738835 0.032052279 -0.170493349 0.856629252 -0.486947954 0.466310710 -0.955759406 -0.263983130 -0.129757404 -1.524621367
-0.254326701 0.440849811 0.860795796 0.039349437 -0.174095556 0.854652882 -0.489141226 0.459232718 -0.951319456 -0.274262369 -0.140611053 -1.520787239
-0.254968882 0.427483678 0.867322624 0.049570799 -0.166311488 0.864213645 -0.474842340 0.449178636 -0.952539444 -0.265315741 -0.149252176 -1.514320850
-0.263192296 0.421906114 0.867597342 0.066935182 -0.169497281 0.865093052 -0.472106606 0.432371944 -0.949737072 -0.271310180 -0.156173944 -1.504008651
-0.263566375 0.422704786 0.867094874 0.074610114 -0.172558188 0.863719344 -0.473510861 0.425985694 -0.949081898 -0.274425805 -0.154706240 -1.501622200
-0.243592739 0.412080884 0.877981663 0.086600304 -0.162453607 0.875125110 -0.455812305 0.414280444 -0.956175327 -0.253663868 -0.146230102 -1.495482326
-0.243520141 0.405425549 0.881095052 0.095262408 -0.171451688 0.876141846 -0.450532824 0.407262862 -0.954621732 -0.260778934 -0.143847346 -1.492040992
-0.240094781 0.401827127 0.883679688 0.113856673 -0.169727951 0.878908157 -0.445772350 0.390226722 -0.955796659 -0.257012665 -0.142820001 -1.483268857
-0.228664160 0.380538285 0.896048725 0.094488144 -0.165389910 0.891869307 -0.420969486 0.392822057 -0.959353387 -0.244458079 -0.141001344 -1.490085006
-0.227466941 0.366693050 0.902105808 0.100382805 -0.168325335 0.897639275 -0.407320857 0.383400947 -0.959127367 -0.244499326 -0.142459512 -1.486713648
-0.225993991 0.364046246 0.903546929 0.112320781 -0.169495881 0.898699701 -0.404487342 0.372170419 -0.959269464 -0.244559199 -0.141396403 -1.481088161
-0.217624903 0.358497739 0.907809854 0.126587033 -0.171106130 0.901685238 -0.397097528 0.361442506 -0.960917294 -0.241750136 -0.134887934 -1.476005197
-0.213390589 0.349102765 0.912464797 0.130740523 -0.170312047 0.906382978 -0.386605382 0.358480960 -0.962007582 -0.237901628 -0.133957267 -1.474472880
-0.225065589 0.340739250 0.912820995 0.138805509 -0.187615618 0.904169381 -0.383768320 0.352265656 -0.956109762 -0.257632494 -0.139569402 -1.471828341
-0.231352568 0.338994354 0.911898494 0.139078975 -0.191032410 0.903250873 -0.384245396 0.353011400 -0.953930080 -0.263098300 -0.144210458 -1.471819162
-0.244989395 0.326048791 0.913056612 0.139888406 -0.195474967 0.905804753 -0.375908583 0.350090712 -0.949615538 -0.270573348 -0.158178210 -1.470117092
-0.247668028 0.322836816 0.913475096 0.147550464 -0.190356731 0.908257067 -0.372603595 0.344571650 -0.949960351 -0.266168177 -0.163492084 -1.467514157
-0.246900082 0.320398718 0.914540887 0.162201047 -0.188242227 0.909923077 -0.369600952 0.334969848 -0.950581551 -0.263409674 -0.164347410 -1.462462187
-0.246945739 0.319675952 0.914781570 0.172098637 -0.198496938 0.907313168 -0.370650440 0.328602165 -0.948481381 -0.273111850 -0.160602450 -1.458218694
-0.244176149 0.312153935 0.918116510 0.174700260 -0.201756790 0.909703493 -0.362951458 0.329120845 -0.948510528 -0.273860335 -0.159148693 -1.454377413
-0.239416242 0.301138550 0.923036158 0.183215976 -0.192559153 0.917073071 -0.349138916 0.322143227 -0.951630771 -0.261328518 -0.161575198 -1.447267294
-0.238541126 0.290735126 0.926591158 0.199585199 -0.185788080 0.922849178 -0.337390214 0.311331898 -0.953195095 -0.252631038 -0.166122437 -1.438102484
-0.239731669 0.272657275 0.931765318 0.206042051 -0.180498585 0.930501521 -0.318727493 0.305096924 -0.953912377 -0.244591415 -0.173856378 -1.431884289
-0.233333945 0.253904432 0.938663006 0.219124794 -0.165768147 0.940792203 -0.295687199 0.296685338 -0.958163142 -0.224594176 -0.177429438 -1.426654339
-0.227279663 0.242840469 0.943065464 0.248102546 -0.159347251 0.946082950 -0.282020301 0.279236794 -0.960704148 -0.214372352 -0.176329494 -1.416777015
-0.217034340 0.231365517 0.948349118 0.274434209 -0.156959817 0.950593770 -0.267834157 0.265429020 -0.963462353 -0.206981927 -0.169996381 -1.409086227
-0.214107752 0.220052749 0.951700985 0.287419558 -0.154475600 0.954406679 -0.255431324 0.257915735 -0.964518130 -0.201704383 -0.170353055 -1.404179931
-0.215025306 0.214234754 0.952820837 0.311715722 -0.141923189 0.958430767 -0.247524247 0.244234666 -0.966241062 -0.188451365 -0.175681949 -1.393341064
-0.216964364 0.211088151 0.953083515 0.334504128 -0.126428351 0.962041140 -0.241852790 0.230565637 -0.967957795 -0.172970206 -0.182041049 -1.384102106
-0.218013167 0.200763568 0.955072939 0.365149021 -0.118001327 0.966010511 -0.229998738 0.211531192 -0.968785822 -0.162842631 -0.186912656 -1.373888016
-0.212648988 0.182148308 0.960001349 0.394493461 -0.103927359 0.972682714 -0.207575276 0.191629291 -0.971586168 -0.143911049 -0.187909722 -1.363793850
-0.206133485 0.170473292 0.963560045 0.431841612 -0.096723795 0.976335526 -0.193425566 0.172854349 -0.973731816 -0.133070648 -0.184766650 -1.353951931
-0.202062368 0.160005659 0.966213763 0.466984034 -0.094294444 0.978802204 -0.181809917 0.156427145 -0.974822760 -0.127845511 -0.182691455 -1.342039347
-0.180460453 0.127215996 0.975320578 0.498392940 -0.067463346 0.987664223 -0.141308576 0.139133185 -0.981265903 -0.091298990 -0.169651985 -1.332272768
-0.172323227 0.109758630 0.978906453 0.532025456 -0.049626887 0.991543412 -0.119911671 0.126262516 -0.983789623 -0.069243625 -0.165418983 -1.319544435
-0.165137172 0.090523742 0.982107401 0.573145270 -0.040171009 0.994335294 -0.098405398 0.107757077 -0.985452056 -0.055702649 -0.160565376 -1.306566238
-0.159123659 0.068802424 0.984858274 0.610594869 -0.025721140 0.996941149 -0.073802300 0.090759382 -0.986923516 -0.037075371 -0.156867266 -1.293618917
-0.163141847 0.060124490 0.984768927 0.656805277 -0.030812355 0.997343957 -0.065996788 0.071691237 -0.986121356 -0.041109886 -0.160855889 -1.275490165
-0.164392829 0.048892606 0.985182524 0.697996616 -0.035297420 0.997839570 -0.055410661 0.054844230 -0.985763252 -0.043883510 -0.162311792 -1.258689642
-0.161675572 0.042042755 0.985947967 0.744380951 -0.018488271 0.998787701 -0.045621965 0.038847707 -0.986670792 -0.025604429 -0.160702348 -1.244269729
-0.164611578 0.038901087 0.985590994 0.782206893 -0.022724209 0.998807192 -0.043218084 0.026959566 -0.986096621 -0.029510977 -0.163531303 -1.233682156
-0.170174479 0.032891516 0.984864950 0.819094777 -0.008204968 0.999360859 -0.034793373 0.011731566 -0.985379875 -0.014001727 -0.169795871 -1.220672131
-0.170064807 0.018661674 0.985256195 0.857962966 -0.000613930 0.999818444 -0.019043468 -0.007008040 -0.985432744 -0.003843500 -0.170022488 -1.208753228
-0.175785899 0.010987497 0.984367132 0.886369824 -0.004895376 0.999915600 -0.012035253 -0.015661089 -0.984416246 -0.006934475 -0.175717235 -1.196428061
-0.176674485 -0.003365696 0.984263539 0.915276766 0.012771333 0.999902129 0.005711616 -0.028409287 -0.984186471 0.013579454 -0.176614285 -1.185461879
-0.173387885 -0.024660653 0.984544873 0.938086033 0.027925033 0.999161422 0.029944630 -0.039720584 -0.984457672 0.032685481 -0.172553778 -1.175852776
-0.175104260 -0.039827518 0.983744085 0.953883648 0.044705864 0.997829199 0.048355304 -0.046980832 -0.983534455 0.052446343 -0.172943711 -1.167157650
-0.182532310 -0.050637234 0.981895089 0.979351401 0.057202563 0.996434271 0.062020876 -0.056734800 -0.981534481 0.067487724 -0.178984880 -1.156827807
-0.190963268 -0.071190879 0.979012251 0.995966196 0.079232827 0.992994189 0.087662525 -0.068974689 -0.978394210 0.094310217 -0.183984756 -1.147895098
-0.203377604 -0.084670305 0.975432515 0.996543884 0.076562054 0.991827965 0.102056660 -0.074206389 -0.976102412 0.095437147 -0.195232987 -1.140348434
-0.214827895 -0.095600210 0.971961737 0.996058702 0.081746444 0.989945352 0.115437068 -0.078227654 -0.973224819 0.104253523 -0.204852939 -1.133565903
-0.227738023 -0.108402081 0.967669606 0.993082285 0.096318394 0.986401975 0.133168802 -0.083631575 -0.968946934 0.123531982 -0.214200139 -1.126496673
-0.238645554 -0.104082197 0.965512991 0.989836931 0.088836849 0.987730980 0.128435060 -0.085971281 -0.967034876 0.116423570 -0.226471186 -1.122002244
-0.234802604 -0.124302961 0.964062512 0.985948920 0.099780791 0.983468533 0.151107252 -0.085408255 -0.966908216 0.131675303 -0.218517900 -1.122532248
-0.250327229 -0.124516077 0.960120857 0.983944297 0.096083708 0.983604193 0.152612984 -0.085274816 -0.963381648 0.130455166 -0.234259009 -1.123172045
-0.266213417 -0.118926682 0.956549466 0.980942130 0.104829796 0.982901573 0.151377782 -0.084669173 -0.958196819 0.140573695 -0.249194622 -1.123272657
-0.279642105 -0.124122098 0.952047348 0.979325294 0.106538482 0.981472611 0.159251615 -0.084640592 -0.954175055 0.145963117 -0.261237264 -1.123795748
-0.287760615 -0.121107988 0.950014055 0.986131489 0.104163840 0.982129455 0.156753421 -0.084920824 -0.952020884 0.144064575 -0.270003080 -1.123661518
-0.290047884 -0.110877559 0.950567484 0.998091578 0.095499158 0.984954715 0.144028395 -0.086454779 -0.952235401 0.132553518 -0.275095344 -1.121685266
-0.297197223 -0.100912400 0.949468493 1.002178907 0.085547999 0.987585843 0.131741375 -0.087168872 -0.950975955 0.120378315 -0.284874916 -1.121087313
-0.301786661 -0.101757810 0.947929323 1.015762329 0.067065738 0.989558518 0.127577931 -0.094368234 -0.951013565 0.102074914 -0.291811109 -1.119708061
-0.310594678 -0.104593419 0.944770455 1.026573896 0.064953618 0.989269018 0.130873352 -0.098061889 -0.948320627 0.102014825 -0.300468087 -1.115550041
-0.323514819 -0.110143535 0.939790726 1.036640525 0.060086083 0.988806188 0.136572257 -0.103478640 -0.944313467 0.100651488 -0.313275337 -1.111115932
-0.337133765 -0.116221055 0.934255660 1.046418905 0.059638530 0.987721562 0.144393235 -0.109029263 -0.939565957 0.104397446 -0.326063037 -1.107630610
-0.355849266 -0.118339658 0.927020550 1.053057194 0.053425148 0.987752020 0.146600351 -0.111518100 -0.933015108 0.101693831 -0.345168471 -1.101896286
-0.378058910 -0.110864535 0.919119358 1.057981014 0.052056406 0.988687336 0.140668064 -0.112707764 -0.924316764 0.101026878 -0.368010879 -1.098114967
-0.401647568 -0.098148696 0.910519660 1.068338156 0.038538776 0.991548121 0.123883277 -0.114001945 -0.914983094 0.084847733 -0.394470334 -1.095779419
-0.424538612 -0.087446168 0.901177049 1.079243660 0.033030510 0.993166685 0.111932874 -0.113597021 -0.904807091 0.077286169 -0.418749213 -1.091468573
-0.446404457 -0.081494600 0.891112626 1.096848607 0.038089860 0.993211091 0.109912954 -0.116999656 -0.894020319 0.083007984 -0.440269709 -1.087220788
-0.522112489 -0.080447264 0.849074066 1.088112593 0.015480369 0.994483590 0.103743576 -0.115106985 -0.852736115 0.067309804 -0.517987013 -1.084197521
-0.591922402 -0.077657059 0.802245200 1.091017723 0.000502700 0.995311797 0.096716754 -0.111392260 -0.805994868 0.057652093 -0.589108348 -1.080751181
-0.651572704 -0.075448804 0.754824758 1.085857034 -0.019744992 0.996391237 0.082550593 -0.109792501 -0.758329153 0.038883705 -0.650711060 -1.100984693
-0.708420277 -0.076142482 0.701671720 1.100022435 -0.048967887 0.997070491 0.058759082 -0.106075808 -0.704090178 0.007266742 -0.710073471 -1.136415362
-0.762154102 -0.077189587 0.642777383 1.095736504 -0.077330194 0.996612608 0.027988834 -0.081347883 -0.642760456 -0.028374290 -0.765541434 -1.152193189
-0.806480765 -0.072003134 0.586859941 1.091506124 -0.089756183 0.995963097 -0.001148759 -0.053620465 -0.584408104 -0.053600755 -0.809687734 -1.176684022
-0.843898177 -0.066458978 0.532371104 1.062884808 -0.097699873 0.994742572 -0.030691329 -0.022075791 -0.527532458 -0.077912949 -0.845954418 -1.187671185
-0.879478812 -0.076447122 0.469758570 1.021843433 -0.124776490 0.989527166 -0.072572947 0.019037649 -0.459290862 -0.122441188 -0.879806995 -1.200268507
-0.910864592 -0.089462936 0.402892739 0.960343301 -0.145506799 0.983149827 -0.110653482 0.067378059 -0.386204541 -0.159413949 -0.908533812 -1.182011485
-0.910864592 -0.089462936 0.402892739 0.960343301 -0.145506799 0.983149827 -0.110653482 0.067378059 -0.386204541 -0.159413949 -0.908533812 -1.182011485
-0.910864592 -0.089462936 0.402892739 0.960343301 -0.145506799 0.983149827 -0.110653482 0.067378059 -0.386204541 -0.159413949 -0.908533812 -1.182011485
-0.910864592 -0.089462936 0.402892739 0.960343301 -0.145506799 0.983149827 -0.110653482 0.067378059 -0.386204541 -0.159413949 -0.908533812 -1.182011485
-0.910864592 -0.089462936 0.402892739 0.960343301 -0.145506799 0.983149827 -0.110653482 0.067378059 -0.386204541 -0.159413949 -0.908533812 -1.182011485
-0.910864592 -0.089462936 0.402892739 0.960343301 -0.145506799 0.983149827 -0.110653482 0.067378059 -0.386204541 -0.159413949 -0.908533812 -1.182011485
-0.910864592 -0.089462936 0.402892739 0.960343301 -0.145506799 0.983149827 -0.110653482 0.067378059 -0.386204541 -0.159413949 -0.908533812 -1.182011485
-0.910864592 -0.089462936 0.402892739 0.960343301 -0.145506799 0.983149827 -0.110653482 0.067378059 -0.386204541 -0.159413949 -0.908533812 -1.182011485
-0.910864592 -0.089462936 0.402892739 0.960343301 -0.145506799 0.983149827 -0.110653482 0.067378059 -0.386204541 -0.159413949 -0.908533812 -1.182011485
-0.910864592 -0.089462936 0.402892739 0.960343301 -0.145506799 0.983149827 -0.110653482 0.067378059 -0.386204541 -0.159413949 -0.908533812 -1.182011485
-0.910864592 -0.089462936 0.402892739 0.960343301 -0.145506799 0.983149827 -0.110653482 0.067378059 -0.386204541 -0.159413949 -0.908533812 -1.182011485
-0.910864592 -0.089462936 0.402892739 0.960343301 -0.145506799 0.983149827 -0.110653482 0.067378059 -0.386204541 -0.159413949 -0.908533812 -1.182011485
-0.910864592 -0.089462936 0.402892739 0.960343301 -0.145506799 0.983149827 -0.110653482 0.067378059 -0.386204541 -0.159413949 -0.908533812 -1.182011485
-0.910864592 -0.089462936 0.402892739 0.960343301 -0.145506799 0.983149827 -0.110653482 0.067378059 -0.386204541 -0.159413949 -0.908533812 -1.182011485
1.000000000 0.000000000 0.000000000 0.000000000 0.000000000 1.000000000 0.000000000 0.000000000 0.000000000 0.000000000 1.000000000 0.000000000
0.999974966 -0.006844550 -0.001785912 -0.018811146 0.006858906 0.999943197 0.008159672 0.003235355 0.001729961 -0.008171718 0.999965131 0.024575232
0.999893308 -0.013243234 0.006168002 -0.065026388 0.013153508 0.999810278 0.014367126 0.025893971 -0.006357099 -0.014284462 0.999877751 0.052005507
0.999593794 -0.015014086 0.024224866 -0.138234526 0.014827888 0.999859273 0.007847640 0.093583435 -0.024339281 -0.007485248 0.999675751 0.137567237
0.999085009 -0.015690284 0.039786290 -0.159853250 0.015571916 0.999873340 0.003283277 0.138621196 -0.039832767 -0.002660724 0.999202847 0.156169519
0.997564971 -0.020614224 0.066626921 -0.165944442 0.020825323 0.999780059 -0.002475327 0.227664977 -0.066561237 0.003856826 0.997774899 0.100741945
0.995315313 -0.022339959 0.094065472 -0.200666755 0.023964263 0.999581993 -0.016173620 0.286400706 -0.093664832 0.018352062 0.995434642 0.144310966
0.991214573 -0.028405877 0.129177496 -0.221716180 0.032850329 0.998934805 -0.032405857 0.397519112 -0.128119379 0.036364678 0.991091847 0.121167012
0.986039221 0.000106085 0.166513324 -0.203593612 0.007841908 0.998860657 -0.047073666 0.450182706 -0.166328609 0.047722265 0.984914899 0.114574283
0.978135288 0.028408248 0.206020117 -0.189573064 -0.014692249 0.997590542 -0.067803055 0.505051494 -0.207449883 0.063293666 0.976195931 0.117048547
0.978135288 0.028408248 0.206020117 -0.189573064 -0.014692249 0.997590542 -0.067803055 0.505051494 -0.207449883 0.063293666 0.976195931 0.117048547
0.978135288 0.028408248 0.206020117 -0.189573064 -0.014692249 0.997590542 -0.067803055 0.505051494 -0.207449883 0.063293666 0.976195931 0.117048547
0.978135288 0.028408248 0.206020117 -0.189573064 -0.014692249 0.997590542 -0.067803055 0.505051494 -0.207449883 0.063293666 0.976195931 0.117048547
0.978135288 0.028408248 0.206020117 -0.189573064 -0.014692249 0.997590542 -0.067803055 0.505051494 -0.207449883 0.063293666 0.976195931 0.117048547
0.978135288 0.028408248 0.206020117 -0.189573064 -0.014692249 0.997590542 -0.067803055 0.505051494 -0.207449883 0.063293666 0.976195931 0.117048547
0.978135288 0.028408248 0.206020117 -0.189573064 -0.014692249 0.997590542 -0.067803055 0.505051494 -0.207449883 0.063293666 0.976195931 0.117048547
0.978135288 0.028408248 0.206020117 -0.189573064 -0.014692249 0.997590542 -0.067803055 0.505051494 -0.207449883 0.063293666 0.976195931 0.117048547
0.978135288 0.028408248 0.206020117 -0.189573064 -0.014692249 0.997590542 -0.067803055 0.505051494 -0.207449883 0.063293666 0.976195931 0.117048547
0.978135288 0.028408248 0.206020117 -0.189573064 -0.014692249 0.997590542 -0.067803055 0.505051494 -0.207449883 0.063293666 0.976195931 0.117048547
0.978135288 0.028408248 0.206020117 -0.189573064 -0.014692249 0.997590542 -0.067803055 0.505051494 -0.207449883 0.063293666 0.976195931 0.117048547
0.978135288 0.028408248 0.206020117 -0.189573064 -0.014692249 0.997590542 -0.067803055 0.505051494 -0.207449883 0.063293666 0.976195931 0.117048547
0.978135288 0.028408248 0.206020117 -0.189573064 -0.014692249 0.997590542 -0.067803055 0.505051494 -0.207449883 0.063293666 0.976195931 0.117048547
0.978135288 0.028408248 0.206020117 -0.189573064 -0.014692249 0.997590542 -0.067803055 0.505051494 -0.207449883 0.063293666 0.976195931 0.117048547
1.000000000 0.000000000 0.000000000 0.000000000 0.000000000 1.000000000 0.000000000 0.000000000 0.000000000 0.000000000 1.000000000 0.000000000
0.999987721 0.004913050 0.000632637 -0.027188163 -0.004898863 0.999772608 -0.020753777 -0.025022505 -0.000734458 0.020750422 0.999784410 0.096422307
0.999951184 0.009772023 0.001462798 -0.049309690 -0.009720983 0.999454260 -0.031571057 -0.060048770 -0.001770513 0.031555295 0.999500453 0.189143822
0.999367177 0.032213110 0.015086425 -0.071218655 -0.031603791 0.998738527 -0.039020680 -0.101870753 -0.016324371 0.038519200 0.999124527 0.261175275
0.998618424 0.044186730 0.028439067 -0.075625345 -0.042909022 0.998106539 -0.044070352 -0.118796051 -0.030332543 0.042789172 0.998623550 0.284195989
0.987360120 0.095665008 0.126365259 -0.067942217 -0.081810281 0.990489542 -0.110623591 -0.112862296 -0.135746270 0.098887347 0.985796273 0.250432253
0.983302832 0.128788412 0.128565282 -0.067797884 -0.117606066 0.988872468 -0.091104887 -0.118867122 -0.138867915 0.074463643 0.987507403 0.256057918
0.978544116 0.160138100 0.129642576 -0.053974837 -0.151654243 0.985739827 -0.072924621 -0.108957008 -0.139471859 0.051699117 0.988875508 0.219890177
0.973169446 0.183225453 0.139174759 -0.048604783 -0.177307099 0.982678354 -0.053902153 -0.100578688 -0.146640271 0.027779255 0.988799751 0.180783913
0.968606234 0.200888708 0.146443367 -0.047421750 -0.197687671 0.979594707 -0.036246054 -0.102770597 -0.150736570 0.006158106 0.988554776 0.168934852
0.969452381 0.191288486 0.153527856 -0.047289204 -0.190171748 0.981502831 -0.022066012 -0.103221469 -0.154909000 -0.007804711 0.987897933 0.164679065
0.969918132 0.186864972 0.156013981 -0.049618222 -0.187604100 0.982192755 -0.010106852 -0.103404805 -0.155124426 -0.019466041 0.987703145 0.171070322
0.968743503 0.187431470 0.162497580 -0.073622696 -0.188062504 0.982088208 -0.011630393 -0.121263981 -0.161766857 -0.019292831 0.986640394 0.271872103
0.969503582 0.181207731 0.165004775 -0.091097593 -0.181946129 0.983249664 -0.010757305 -0.136213824 -0.164190203 -0.019592734 0.986234128 0.359767139
0.971288145 0.178756580 0.156988606 -0.108086169 -0.178738058 0.983792007 -0.014352301 -0.164517224 -0.157009706 -0.014119616 0.987496138 0.515977621
0.974207282 0.174193382 0.143446356 -0.127122134 -0.173610345 0.984673321 -0.016669035 -0.195657611 -0.144151434 -0.008664677 0.989517689 0.682117939
0.974626243 0.178506821 0.135051712 -0.199244365 -0.175954640 0.983919382 -0.030701712 -0.180984169 -0.138360471 0.006159721 0.990362763 0.983205378
0.974289954 0.178704917 0.137199327 -0.279234409 -0.174198076 0.983714521 -0.044280101 -0.173116997 -0.142878041 0.019241797 0.989553213 1.256951809
0.976532459 0.164658800 0.138823017 -0.353802592 -0.158693522 0.985900402 -0.053073350 -0.167563826 -0.145604655 0.029797535 0.988894045 1.508568883
0.978086591 0.154915512 0.139096498 -0.415725470 -0.149557829 0.987575412 -0.048241694 -0.185869381 -0.144841656 0.026381582 0.989103079 1.723553896
0.976399183 0.166866437 0.137114048 -0.468974203 -0.160163864 0.985348225 -0.058620412 -0.211108312 -0.144886866 0.035276204 0.988819182 1.984051228
0.976936936 0.171492010 0.127218962 -0.510193229 -0.166177645 0.984757781 -0.051352490 -0.248088434 -0.134086400 0.029027199 0.990544438 2.224844456
0.976337135 0.181356028 0.117795512 -0.558336556 -0.176677912 0.983043313 -0.049098913 -0.286056578 -0.124702476 0.027125228 0.991823316 2.477517366
0.978944421 0.167204529 0.117091611 -0.619541347 -0.162693337 0.985549569 -0.047147829 -0.316251218 -0.123282917 0.027105082 0.992001355 2.708896399
0.979745686 0.156431273 0.125010386 -0.671227753 -0.153177291 0.987568319 -0.035291322 -0.344309956 -0.128976956 0.015427772 0.991527557 2.877404213
0.976876318 0.167615861 0.132731125 -0.710890353 -0.163698465 0.985700190 -0.039974287 -0.365579039 -0.137533426 0.017322054 0.990345657 3.044614792
0.974396884 0.186242059 0.125954926 -0.743587315 -0.179991499 0.981872559 -0.059408661 -0.389321923 -0.134736076 0.035216797 0.990255535 3.269450903
0.976763368 0.185725391 0.106955193 -0.773015976 -0.179216668 0.981482029 -0.067634508 -0.417465031 -0.117536046 0.046894755 0.991960764 3.505007267
0.981267929 0.175396830 0.079681940 -0.804002106 -0.170833841 0.983414829 -0.060918309 -0.455602229 -0.089045286 0.046164811 0.994957149 3.739305258
0.985527158 0.159887359 0.056323249 -0.823331952 -0.156134591 0.985546947 -0.065720983 -0.465427637 -0.066017158 0.055975802 0.996247172 3.932926893
0.989834368 0.135866895 0.042049348 -0.844798863 -0.133346006 0.989378631 -0.057868674 -0.470850319 -0.049465165 0.051673289 0.997438252 4.055034161
0.991842866 0.124090225 0.029143624 -0.881266236 -0.122304842 0.990875065 -0.056640841 -0.478960395 -0.035906263 0.052614406 0.997969151 4.176979542
0.991741955 0.127770171 0.011074547 -0.920265138 -0.126909450 0.990164936 -0.058884606 -0.502958477 -0.018489324 0.056992870 0.998203337 4.321289539
0.990833282 0.134467110 -0.012963535 -0.962365627 -0.135004237 0.989060283 -0.059444353 -0.528794169 0.004828407 0.060649574 0.998147428 4.468860149
0.988186061 0.148612127 -0.037453197 -1.006599426 -0.150832847 0.986365974 -0.065814607 -0.552829444 0.027161712 0.070686243 0.997128725 4.612181664
0.986535132 0.147111863 -0.071459800 -1.045174003 -0.151763856 0.986295938 -0.064715162 -0.571732044 0.060960140 0.074688792 0.995341897 4.716804504
0.985688925 0.137211204 -0.097930767 -1.092752695 -0.143886343 0.987478256 -0.064679407 -0.592157841 0.087829769 0.077844672 0.993089199 4.817868233
0.984333813 0.138371557 -0.109271608 -1.145308852 -0.145839512 0.987264276 -0.063561521 -0.612907171 0.099084847 0.078501873 0.991977632 4.899003983
0.984071612 0.139259726 -0.110498093 -1.209627867 -0.146333516 0.987493038 -0.058685545 -0.633486629 0.100943573 0.073920347 0.992142200 4.987531662
0.982674778 0.155061215 -0.101520009 -1.277110100 -0.162741959 0.984016299 -0.072297566 -0.647161424 0.088686794 0.087566562 0.992202997 5.073152542
0.981789052 0.167795256 -0.089078821 -1.344731212 -0.175709352 0.980320096 -0.089992844 -0.659796119 0.072225392 0.104005970 0.991950750 5.155709743
0.983973205 0.160106122 -0.078502975 -1.407050371 -0.168204486 0.979531884 -0.110564768 -0.672471523 0.059194073 0.121997327 0.990763724 5.242506981
0.985397935 0.157162040 -0.065505847 -1.466539979 -0.164832592 0.976947308 -0.135662213 -0.684968352 0.042674813 0.144478768 0.988587260 5.326091766
0.984306216 0.171631753 -0.041034419 -1.525009513 -0.176053360 0.971019685 -0.161635384 -0.697069228 0.012103465 0.166322961 0.985997021 5.387834549
0.982253790 0.187040880 -0.013899039 -1.566310287 -0.186471328 0.965924442 -0.179494828 -0.703867435 -0.020147447 0.178901240 0.983660698 5.420217991
0.980374932 0.196866721 0.010417868 -1.597919703 -0.191104397 0.961999655 -0.195027649 -0.706177473 -0.048416443 0.189209312 0.980742395 5.443364143
0.980242133 0.195781320 0.028195934 -1.619783998 -0.186540723 0.962407768 -0.197417900 -0.711623251 -0.065786719 0.188257664 0.979913831 5.467804909
0.977665961 0.202107653 0.057634827 -1.669367433 -0.187721372 0.963089705 -0.192921892 -0.726985037 -0.094498500 0.177793875 0.979519963 5.513380527
0.975256503 0.207443714 0.076431714 -1.688590050 -0.188781828 0.961355269 -0.200393140 -0.733253539 -0.115048334 0.181005806 0.976729631 5.535804749
0.970578432 0.217519894 0.103259869 -1.709590316 -0.191775903 0.957654893 -0.214753732 -0.736856699 -0.145600528 0.188632593 0.971194208 5.554638386
0.965882063 0.221293435 0.134539977 -1.730232477 -0.187989995 0.956403494 -0.223499656 -0.738986194 -0.178133518 0.190582141 0.965373993 5.569572449
0.964797854 0.207188234 0.161981896 -1.747179389 -0.169423416 0.960734606 -0.219737828 -0.740380645 -0.201148704 0.184559062 0.962017238 5.580242634
0.966597736 0.180450574 0.182006717 -1.759662509 -0.139118433 0.965816975 -0.218731895 -0.736908555 -0.215255469 0.186105266 0.958660483 5.580005169
0.961212754 0.193013057 0.197017804 -1.772926450 -0.147024438 0.962951124 -0.226072907 -0.742820263 -0.233353540 0.188337728 0.953978539 5.604603767
0.958767772 0.194554731 0.207154155 -1.785454869 -0.144925162 0.961740315 -0.232491404 -0.748315573 -0.244460806 0.192883417 0.950281501 5.627733231
0.953430176 0.207889289 0.218524471 -1.795945048 -0.152878895 0.957643867 -0.244020984 -0.752981782 -0.259997964 0.199249193 0.944828451 5.647449970
0.955130756 0.195627183 0.222385257 -1.800455451 -0.141150653 0.960730731 -0.238899410 -0.759659231 -0.260387570 0.196790352 0.945236385 5.664437771
0.957137883 0.177455902 0.228902698 -1.799394965 -0.123508379 0.964933872 -0.231621012 -0.759387136 -0.261978477 0.193421856 0.945492089 5.662398815
