1733640985.956106 0.000000000 0.000000000 0.000000000 -0.000000000 -0.000000000 -0.000000000 1.000000000
1733640986.162745 -0.013983644 -0.028281312 0.092452846 -0.001401781 -0.000783605 -0.004307376 0.999989450
1733640986.380837 -0.038651798 -0.044792596 0.165184960 0.000671331 0.005168942 -0.001902992 0.999984622
1733640986.526500 -0.045142040 -0.048938740 0.184880480 0.001159358 0.008335474 0.002631142 0.999961138
1733640986.669790 -0.054886036 -0.053862143 0.203083083 0.001007245 0.016361723 0.003858418 0.999858260
1733640986.880459 -0.040426787 -0.040896021 0.153916582 -0.003381053 0.030347740 0.004086253 0.999525309
1733640987.018468 -0.025254112 -0.028354723 0.120131932 -0.004545068 0.039598122 0.007206949 0.999179363
1733640987.179880 -0.020333266 -0.016911568 0.073245585 -0.002725528 0.054491371 0.006769258 0.998487592
1733640987.329033 -0.017463529 -0.008012942 0.052807916 0.001914941 0.061563700 0.014312122 0.997998714
1733640987.464271 -0.014319170 -0.002236760 0.037528943 0.006581742 0.068590403 0.017211873 0.997474730
1733640987.652831 -0.012106007 0.001533420 0.024700440 0.006965321 0.081894122 0.013272132 0.996528327
1733640987.781718 -0.011576186 0.003403731 0.018210968 0.009784687 0.095471241 0.013848889 0.995287836
1733640988.011934 -0.011247560 0.004424261 0.004202928 0.014211838 0.115798563 0.001488635 0.993169904
1733640988.145070 -0.010552674 0.008967656 -0.015435452 0.015998157 0.136403665 -0.004092287 0.990515709
1733640988.272774 -0.010249284 0.012882962 -0.026800213 0.019005325 0.155524626 -0.011411779 0.987583220
1733640988.482362 -0.010724039 0.018459801 -0.046847221 0.019915581 0.176321104 -0.019808752 0.983931839
1733640988.628541 -0.007246346 0.018598409 -0.043017793 0.025242914 0.196756586 -0.030253615 0.979660332
1733640988.777631 -0.000791701 0.016009694 -0.031990774 0.031601693 0.212566063 -0.034582514 0.976023078
1733640988.985919 0.004809222 0.013724000 -0.025178241 0.033004820 0.227458179 -0.037203666 0.972517073
1733640989.121484 0.009122423 0.015798582 -0.024731338 0.042061415 0.246041149 -0.048036009 0.967154145
1733640989.271386 0.012677562 0.015540434 -0.027167236 0.044535771 0.259878874 -0.054484062 0.963073730
1733640989.488207 0.015174522 0.016234389 -0.033038896 0.044205051 0.276525170 -0.061013360 0.958048582
1733640989.615291 0.013356614 0.019899040 -0.043567471 0.047518361 0.292552918 -0.067020200 0.952713549
1733640989.753991 0.017470427 0.020427801 -0.042370394 0.051212516 0.306636274 -0.075913318 0.947411597
1733640989.887582 0.019989029 0.022335250 -0.046647713 0.053127799 0.320030063 -0.083801463 0.942197144
1733640990.032239 0.025672326 0.023059938 -0.051093649 0.052154135 0.331263602 -0.091791593 0.937613308
1733640990.163064 0.032185011 0.019487364 -0.054195449 0.050284177 0.337270290 -0.089755684 0.935769320
1733640990.285285 0.141844913 0.317303210 -1.349266171 0.057444572 0.340556204 -0.118920907 0.930902481
1733640990.485454 0.142291799 0.323880792 -1.364004493 0.066360205 0.347658396 -0.121449247 0.927351117
1733640990.627450 0.141661167 0.325428754 -1.368104696 0.063388444 0.352792680 -0.121812962 0.925570607
1733640990.773951 0.140630573 0.326765925 -1.372357965 0.058555029 0.359079510 -0.123914391 0.923189282
1733640990.908423 0.140195251 0.327366948 -1.374038219 0.057005696 0.363606662 -0.126181647 0.921205044
1733640991.114287 0.135550469 0.333652258 -1.383280754 0.061415132 0.369380265 -0.125684753 0.918689191
1733640991.261177 0.140564740 0.326609254 -1.372503757 0.069137074 0.367994666 -0.122324988 0.919149995
1733640991.495492 0.141988933 0.324781507 -1.366417885 0.066901594 0.361208707 -0.115627877 0.922866583
1733640991.703565 0.143030196 0.323568016 -1.364391088 0.071708985 0.363832563 -0.118783318 0.921072364
1733640991.911649 0.144265920 0.322670966 -1.363139749 0.076386712 0.369353116 -0.123610966 0.917858243
1733640992.041813 0.144052237 0.320898592 -1.362757444 0.076174811 0.376010537 -0.126202241 0.914815068
1733640992.182599 0.140223324 0.321039408 -1.366788149 0.070876971 0.381194979 -0.121040709 0.913792133
1733640992.323810 0.144903958 0.318475753 -1.363840699 0.070165209 0.384153575 -0.118384346 0.912955701
1733640992.453289 0.145571351 0.321752191 -1.369444966 0.073209688 0.388833106 -0.122479603 0.910191178
1733640992.587176 0.144557714 0.324831426 -1.373462439 0.074591227 0.391882420 -0.124650657 0.908474863
1733640992.659568 0.141947776 0.327391922 -1.376760364 0.076818921 0.394328237 -0.133542418 0.905963898
1733640992.821192 0.141029894 0.326578200 -1.372172832 0.074416235 0.395083725 -0.130447641 0.906286180
1733640992.951823 0.142598838 0.322899491 -1.363107920 0.073731780 0.398030162 -0.127359569 0.905491710
1733640993.092680 0.112348557 0.354180992 -1.421487451 0.081907421 0.412952930 -0.117931247 0.899362743
1733640993.235590 0.127232611 0.341283053 -1.402820230 0.078814037 0.419959426 -0.126142681 0.895271182
1733640993.370907 0.128914684 0.341452241 -1.405275345 0.075086080 0.428698063 -0.128147498 0.891155601
1733640993.503960 0.129051477 0.342311442 -1.406314850 0.074495897 0.438995004 -0.131543592 0.885680556
1733640993.643350 0.125607729 0.345819414 -1.412543535 0.078095704 0.450529784 -0.134013176 0.879183948
1733640993.777558 0.119471967 0.350951314 -1.420164585 0.081678808 0.460194618 -0.136084333 0.873516202
1733640993.942589 0.115941167 0.354305089 -1.425241113 0.087841354 0.470608592 -0.147529989 0.865474701
1733640994.082551 0.111143291 0.358127713 -1.430875659 0.091339789 0.480715126 -0.159598872 0.857378781
1733640994.236311 0.106124699 0.362921238 -1.437780142 0.094905272 0.488380998 -0.156055465 0.853301644
1733640994.409954 0.100219548 0.368501961 -1.445675373 0.097091958 0.499908984 -0.155782402 0.846401811
1733640994.571615 0.091897905 0.375703275 -1.456325293 0.100374788 0.510943651 -0.149364561 0.840566337
1733640994.743954 0.082424402 0.382691532 -1.467584848 0.103660807 0.521128178 -0.142284483 0.835125804
1733640994.961124 0.067474365 0.396109819 -1.482558966 0.106208980 0.536701918 -0.139125377 0.825417995
1733640995.153418 0.058830678 0.404221445 -1.490838289 0.109005012 0.549819827 -0.138450235 0.816484988
1733640995.299520 0.051527739 0.412507713 -1.500268459 0.111691087 0.560278058 -0.148128539 0.807261825
1733640995.548579 0.046012044 0.419145048 -1.507088542 0.114561208 0.572848856 -0.155780479 0.796525180
1733640995.700945 0.037784159 0.426663339 -1.513619423 0.117143847 0.586099148 -0.158337295 0.785935462
1733640995.871161 0.026224256 0.436585218 -1.520154476 0.116506323 0.600483596 -0.152333319 0.776299119
1733640996.088464 0.020101666 0.441916168 -1.523905277 0.112713352 0.615401685 -0.150685057 0.765421748
1733640996.321699 0.015997291 0.446794689 -1.526960492 0.111824118 0.630880296 -0.152206719 0.752541363
1733640996.474306 0.018056750 0.451019973 -1.530190945 0.112193450 0.642286181 -0.157921612 0.741580665
1733640996.628186 0.019658208 0.450594842 -1.531121016 0.113833778 0.648838401 -0.153100565 0.736621201
1733640996.853029 0.015746951 0.453348726 -1.532612562 0.112411775 0.658902049 -0.144162938 0.729677200
1733640997.012873 0.013365746 0.458152175 -1.535122871 0.110734604 0.670738041 -0.153656811 0.717103839
1733640997.161191 0.015007019 0.464978278 -1.536640644 0.112950176 0.684067369 -0.170632511 0.700127661
1733640997.367926 0.012715340 0.474206150 -1.539410472 0.112392642 0.698267877 -0.188861564 0.681264400
1733640997.580240 0.017970443 0.473213673 -1.534325004 0.108884752 0.711154461 -0.204139322 0.663875520
1733640997.789688 0.027237535 0.467631966 -1.527132750 0.104965836 0.723888040 -0.220097914 0.645387650
1733640997.951512 0.024078965 0.474192709 -1.529543757 0.096867792 0.735303760 -0.241243556 0.625896573
1733640998.096015 0.031099319 0.466106117 -1.525659919 0.092206486 0.739615381 -0.247201651 0.619159400
1733640998.303664 0.032052279 0.466310710 -1.524621367 0.091416739 0.746003807 -0.251651227 0.609748304
1733640998.461288 0.039349437 0.459232718 -1.520787239 0.088926181 0.749931753 -0.254491031 0.604093373
1733640998.606436 0.049570799 0.449178636 -1.514320850 0.086702935 0.753066182 -0.245714813 0.604150772
1733640998.738492 0.066935182 0.432371944 -1.504008651 0.083499297 0.755721390 -0.245929524 0.601191938
1733640998.941732 0.074610114 0.425985694 -1.501622200 0.082795657 0.755313158 -0.247558475 0.601133704
1733640999.143807 0.086600304 0.414280444 -1.495482326 0.082934067 0.752487183 -0.235710382 0.609364867
1733640999.283765 0.095262408 0.407262862 -1.492040992 0.077758200 0.752248168 -0.236395314 0.610076845
1733640999.503012 0.113856673 0.390226722 -1.483268857 0.077163920 0.751967907 -0.233648598 0.611554146
1733640999.646372 0.094488144 0.392822057 -1.490085006 0.071532995 0.751920044 -0.221242800 0.616888106
1733640999.845861 0.100382805 0.383400947 -1.486713648 0.065865956 0.752921939 -0.216430202 0.618003368
1733640999.990081 0.112320781 0.372170419 -1.481088161 0.064619474 0.752676904 -0.215579391 0.618730426
1733641000.115622 0.126587033 0.361442506 -1.476005197 0.062405676 0.750699341 -0.212750837 0.622328758
1733641000.256429 0.130740523 0.358480960 -1.474472880 0.059547555 0.750621557 -0.207996637 0.624306738
1733641000.483811 0.138805509 0.352265656 -1.471828341 0.050829250 0.753127515 -0.212912425 0.620389879
1733641000.643919 0.139078975 0.353011400 -1.471819162 0.049007844 0.754787028 -0.214412689 0.617998362
1733641000.842454 0.139888406 0.350090712 -1.470117092 0.042965189 0.759765148 -0.212724268 0.612910509
1733641000.992702 0.147550464 0.344571650 -1.467514157 0.043494180 0.761481643 -0.209713444 0.611779511
1733641001.138767 0.162201047 0.334969848 -1.462462187 0.043371551 0.761769414 -0.207743526 0.612102032
1733641001.268112 0.172098637 0.328602165 -1.458218694 0.039823081 0.760733426 -0.211559743 0.612324536
1733641001.481816 0.174700260 0.329120845 -1.454377413 0.036294214 0.760432184 -0.209358513 0.613673091
1733641001.640052 0.183215976 0.322143227 -1.447267294 0.035657816 0.761259556 -0.200479403 0.615646422
1733641001.780974 0.199585199 0.311331898 -1.438102484 0.034394916 0.762809396 -0.193371132 0.616073370
1733641001.980651 0.206042051 0.305096924 -1.431884289 0.030096726 0.765520990 -0.183965862 0.615815163
1733641002.127402 0.219124794 0.296685338 -1.426654339 0.028737376 0.766739130 -0.169640943 0.618471801
1733641002.331062 0.248102546 0.279236794 -1.416777015 0.027234269 0.766435266 -0.161916047 0.620981872
1733641002.475922 0.274434209 0.265429020 -1.409086227 0.024332616 0.764464617 -0.155277327 0.625212550
1733641002.676648 0.287419558 0.257915735 -1.404179931 0.021439753 0.764667809 -0.149455652 0.626487434
1733641002.811037 0.311715722 0.244234666 -1.393341064 0.023589756 0.766344905 -0.142225653 0.626043797
1733641003.026356 0.334504128 0.230565637 -1.384102106 0.027548311 0.768284857 -0.134983465 0.625107110
1733641003.164732 0.365149021 0.211531192 -1.373888016 0.026874620 0.769892275 -0.127563745 0.624716878
1733641003.366915 0.394493461 0.191629291 -1.363793850 0.025387628 0.770266414 -0.114079468 0.626921892
1733641003.594482 0.431841612 0.172854349 -1.353951931 0.023966704 0.769291162 -0.106102936 0.629570425
1733641003.731334 0.466984034 0.156427145 -1.342039347 0.021371083 0.768693030 -0.100708418 0.631278157
1733641003.893956 0.498392940 0.139133185 -1.332272768 0.019540051 0.764489472 -0.076066308 0.639834344
1733641004.105213 0.532025456 0.126262516 -1.319544435 0.019699827 0.763099849 -0.061969381 0.643001080
1733641004.307764 0.573145270 0.107757077 -1.306566238 0.016528960 0.761583507 -0.050588034 0.645877779
1733641004.441897 0.610594869 0.090759382 -1.293618917 0.014163716 0.760416329 -0.036452949 0.648257315
1733641004.583957 0.656805277 0.071691237 -1.275490165 0.009619399 0.761797488 -0.035149325 0.646789432
1733641004.782049 0.697996616 0.054844230 -1.258689642 0.004458474 0.762322783 -0.032563034 0.646361947
1733641004.919904 0.744380951 0.038847707 -1.244269729 0.007730197 0.761768579 -0.023375340 0.647381246
1733641005.073457 0.782206893 0.026959566 -1.233682156 0.005302384 0.762717187 -0.023838803 0.646270871
1733641005.292299 0.819094777 0.011731566 -1.220672131 0.008070204 0.764743626 -0.015951457 0.644086719
1733641005.449275 0.857962966 -0.007008040 -1.208753228 0.005899209 0.764837503 -0.007480990 0.644152820
1733641005.622691 0.886369824 -0.015661089 -1.196428061 0.001986431 0.766716838 -0.006185376 0.641952574
1733641005.843965 0.915276766 -0.028409287 -1.185461879 0.003065700 0.767005682 0.006287786 0.641602159
1733641006.002319 0.938086033 -0.039720584 -1.175852776 0.001065835 0.765686452 0.020449007 0.642888010
1733641006.146536 0.953883648 -0.046980832 -1.167157650 0.001592540 0.765812814 0.032906752 0.642219126
1733641006.295403 0.979351401 -0.056734800 -1.156827807 0.002137760 0.767781138 0.042169765 0.639319420
1733641006.500768 0.995966196 -0.068974689 -1.147895098 0.002613037 0.769405961 0.059127677 0.636012256
1733641006.640252 0.996543884 -0.074206389 -1.140348434 -0.002622155 0.773052156 0.063868202 0.631113589
1733641006.779432 0.996058702 -0.078227654 -1.133565903 -0.004462343 0.776148558 0.070763059 0.626550972
1733641006.928771 0.993082285 -0.083631575 -1.126496673 -0.003877168 0.779156625 0.082364947 0.621382296
1733641007.129353 0.989836931 -0.085971281 -1.122002244 -0.004867119 0.783078492 0.078171805 0.616971314
1733641007.206794 0.985948920 -0.085408255 -1.122532248 -0.007854524 0.780510902 0.090576105 0.618495762
1733641007.447406 0.983944297 -0.085274816 -1.123172045 -0.009048857 0.785523772 0.090088978 0.612171948
1733641007.655840 0.980942130 -0.084669173 -1.123272657 -0.004459336 0.790302098 0.092354387 0.605700731
1733641007.837661 0.979325294 -0.084640592 -1.123795748 -0.005535736 0.794095695 0.096088775 0.600123644
1733641007.992801 0.986131489 -0.084920824 -1.123661518 -0.005315962 0.796852112 0.094376989 0.596733987
1733641008.218398 0.998091578 -0.086454779 -1.121685266 -0.004815070 0.798451304 0.086599492 0.595779240
1733641008.351863 1.002178907 -0.087168872 -1.121087313 -0.004792343 0.801507652 0.078639202 0.592771769
1733641008.489339 1.015762329 -0.094368234 -1.119708061 -0.010792571 0.803610027 0.071444117 0.590753853
1733641008.637976 1.026573896 -0.098061889 -1.115550041 -0.012290996 0.806277215 0.072210953 0.586985171
1733641008.791363 1.036640525 -0.103478640 -1.111115932 -0.015446311 0.810184598 0.073200524 0.581381142
1733641008.984397 1.046418905 -0.109029263 -1.107630610 -0.017376173 0.814082026 0.076402217 0.575440049
1733641009.145881 1.053057194 -0.111518100 -1.101896286 -0.019794064 0.819873452 0.075711131 0.567171574
1733641009.302268 1.057981014 -0.112707764 -1.098114967 -0.017780663 0.826855063 0.073076576 0.557363749
1733641009.468672 1.068338156 -0.114001945 -1.095779419 -0.017851232 0.834815264 0.062508143 0.546678662
1733641009.606438 1.079243660 -0.113597021 -1.091468573 -0.016154964 0.842088819 0.056175500 0.536162019
1733641009.786933 1.096848607 -0.116999656 -1.087220788 -0.012788499 0.848511219 0.056841008 0.525960326
1733641010.009362 1.088112593 -0.115106985 -1.084197521 -0.018647155 0.871002734 0.049096681 0.488462925
1733641010.212079 1.091017723 -0.111392260 -1.080751181 -0.021645460 0.891114831 0.043307789 0.451187670
1733641010.371114 1.085857034 -0.109792501 -1.100984693 -0.026206492 0.908112764 0.033430401 0.416565537
1733641010.528448 1.100022435 -0.106075808 -1.136415362 -0.033847928 0.924062252 0.017862925 0.380321205
1733641010.659429 1.095736504 -0.081347883 -1.152193189 -0.041154481 0.938657045 -0.000102661 0.342387527
1733641010.824821 1.091506124 -0.053620465 -1.176684022 -0.042555679 0.950280428 -0.014403515 0.308137476
1733641010.957181 1.062884808 -0.022075791 -1.187671185 -0.042760171 0.959764957 -0.028289292 0.276084155
1733641011.090528 1.021843433 0.019037649 -1.200268507 -0.051963940 0.968092561 -0.050360404 0.239917517
1733641011.285146 0.960343301 0.067378059 -1.182011485 -0.060248271 0.975006163 -0.069247618 0.202331364
1733641011.285146 0.960343301 0.067378059 -1.182011485 -0.060248271 0.975006163 -0.069247618 0.202331364
1733641011.285146 0.960343301 0.067378059 -1.182011485 -0.060248271 0.975006163 -0.069247618 0.202331364
1733641011.285146 0.960343301 0.067378059 -1.182011485 -0.060248271 0.975006163 -0.069247618 0.202331364
1733641011.285146 0.960343301 0.067378059 -1.182011485 -0.060248271 0.975006163 -0.069247618 0.202331364
1733641011.285146 0.960343301 0.067378059 -1.182011485 -0.060248271 0.975006163 -0.069247618 0.202331364
1733641011.285146 0.960343301 0.067378059 -1.182011485 -0.060248271 0.975006163 -0.069247618 0.202331364
1733641011.285146 0.960343301 0.067378059 -1.182011485 -0.060248271 0.975006163 -0.069247618 0.202331364
1733641011.285146 0.960343301 0.067378059 -1.182011485 -0.060248271 0.975006163 -0.069247618 0.202331364
1733641011.285146 0.960343301 0.067378059 -1.182011485 -0.060248271 0.975006163 -0.069247618 0.202331364
1733641011.285146 0.960343301 0.067378059 -1.182011485 -0.060248271 0.975006163 -0.069247618 0.202331364
1733641011.285146 0.960343301 0.067378059 -1.182011485 -0.060248271 0.975006163 -0.069247618 0.202331364
1733641011.285146 0.960343301 0.067378059 -1.182011485 -0.060248271 0.975006163 -0.069247618 0.202331364
1733641011.285146 0.960343301 0.067378059 -1.182011485 -0.060248271 0.975006163 -0.069247618 0.202331364
1733641014.631675 0.000000000 0.000000000 0.000000000 -0.000000000 -0.000000000 -0.000000000 1.000000000
1733641019.455368 0.000000000 0.000000000 0.000000000 -0.000000000 -0.000000000 -0.000000000 1.000000000
1733641019.808909 -0.027188163 -0.025022505 0.096422307 0.010376640 0.000341793 -0.002453118 0.999943137
1733641020.074580 -0.049309690 -0.060048770 0.189143822 0.015783746 0.000808438 -0.004873918 0.999863267
1733641020.245266 -0.071218655 -0.101870753 0.261175275 0.019391684 0.007855419 -0.015959751 0.999653757
1733641020.401022 -0.075625345 -0.118796051 0.284195989 0.021727519 0.014701453 -0.021786610 0.999418378
1733641020.603364 -0.067942217 -0.112862296 0.250432253 0.052617386 0.065827705 -0.044571832 0.995445371
1733641020.806315 -0.067797884 -0.118867122 0.256057918 0.041602325 0.067197807 -0.061911419 0.994947612
1733641021.099769 -0.053974837 -0.108957008 0.219890177 0.031339973 0.067676023 -0.078408524 0.994127691
1733641021.250798 -0.048604783 -0.100578688 0.180783913 0.020563126 0.071953341 -0.090763323 0.993056834
1733641021.466912 -0.047421750 -0.102770597 0.168934852 0.010685854 0.074889384 -0.100441299 0.992062986
1733641021.622130 -0.047289204 -0.103221469 0.164679065 0.003592893 0.077705428 -0.096102431 0.992327213
1733641021.794202 -0.049618222 -0.103404805 0.171070322 -0.002357601 0.078376479 -0.094329618 0.992448270
1733641021.957524 -0.073622696 -0.121263981 0.271872103 -0.001930760 0.081707247 -0.094615921 0.992153227
1733641022.110004 -0.091097593 -0.136213824 0.359767139 -0.002225899 0.082933672 -0.091488890 0.992344141
1733641022.327498 -0.108086169 -0.164517224 0.515977621 0.000058593 0.079069182 -0.090022169 0.992796123
1733641022.495883 -0.127122134 -0.195657611 0.682117939 0.002014123 0.072367750 -0.087517269 0.993528843
1733641022.662121 -0.199244365 -0.180984169 0.983205378 0.009274782 0.068793803 -0.089186780 0.993593037
1733641022.864288 -0.279234409 -0.173116997 1.256951809 0.015985610 0.070482902 -0.088809840 0.993423104
1733641023.014393 -0.353802592 -0.167563826 1.508568883 0.020844933 0.071543530 -0.081334442 0.993897259
1733641023.219148 -0.415725470 -0.185869381 1.723553896 0.018762209 0.071389347 -0.076552421 0.994329572
1733641023.452053 -0.468974203 -0.211108312 1.984051228 0.023620564 0.070939943 -0.082267500 0.993801594
1733641023.649594 -0.510193229 -0.248088434 2.224844456 0.020215975 0.065719873 -0.084925950 0.994011998
1733641023.889180 -0.558336556 -0.286056578 2.477517366 0.019173343 0.060997695 -0.090059489 0.993881762
1733641024.107800 -0.619541347 -0.316251218 2.708896399 0.018665006 0.060423113 -0.082926661 0.994547069
1733641024.326628 -0.671227753 -0.344309956 2.877404213 0.012745515 0.063826054 -0.077803455 0.994841933
1733641024.471354 -0.710890353 -0.365579039 3.044614792 0.014409130 0.067967288 -0.083320349 0.994097888
1733641024.695238 -0.743587315 -0.389321923 3.269450903 0.023816096 0.065612808 -0.092176609 0.993293107
1733641024.840525 -0.773015976 -0.417465031 3.505007267 0.028812211 0.056475427 -0.091808744 0.993756294
1733641025.043117 -0.804002106 -0.455602229 3.739305258 0.026906868 0.042396236 -0.086997680 0.994942248
1733641025.247642 -0.823331952 -0.465427637 3.932926893 0.030549239 0.030710805 -0.079330198 0.995906830
1733641025.456314 -0.844798863 -0.470850319 4.055034161 0.027465768 0.022945695 -0.067500517 0.997077167
1733641025.603258 -0.881266236 -0.478960395 4.176979542 0.027379990 0.016301874 -0.061748013 0.997582972
1733641025.802447 -0.920265138 -0.502958477 4.321289539 0.029041663 0.007409412 -0.063828796 0.997510672
1733641025.995694 -0.962365627 -0.528794169 4.468860149 0.030106233 -0.004460245 -0.067553520 0.997251332
1733641026.261647 -1.006599426 -0.552829444 4.612181664 0.034246657 -0.016211215 -0.075127661 0.996453822
1733641026.465351 -1.045174003 -0.571732044 4.716804504 0.034990471 -0.033237480 -0.075017974 0.996013701
1733641026.676473 -1.092752695 -0.592157841 4.817868233 0.035782266 -0.046637263 -0.070572689 0.995773137
1733641026.832038 -1.145308852 -0.612907171 4.899003983 0.035678666 -0.052327909 -0.071378499 0.995436549
1733641027.050195 -1.209627867 -0.633486629 4.987531662 0.033302899 -0.053101867 -0.071724437 0.995453060
1733641027.207424 -1.277110100 -0.647161424 5.073152542 0.040172983 -0.047797933 -0.079862207 0.994848490
1733641027.379379 -1.344731212 -0.659796119 5.155709743 0.048780631 -0.040559635 -0.086373575 0.994240999
1733641027.595231 -1.407050371 -0.672471523 5.242506981 0.058475751 -0.034622747 -0.082550898 0.994267225
1733641027.846153 -1.466539979 -0.684968352 5.326091766 0.070468791 -0.027212586 -0.080996975 0.993847668
1733641027.997315 -1.525009513 -0.697069228 5.387834549 0.082597643 -0.013382993 -0.087565914 0.992638290
1733641028.228433 -1.566310287 -0.703867435 5.420217991 0.090372309 0.001575584 -0.094183959 0.991443276
1733641028.388496 -1.597919703 -0.706177473 5.443364143 0.096995935 0.014852004 -0.097938575 0.990342975
1733641028.549256 -1.619783998 -0.711623251 5.467804909 0.097365953 0.023726447 -0.096519336 0.990273178
1733641028.826705 -1.669367433 -0.726985037 5.513380527 0.093616575 0.038418114 -0.098443232 0.989984334
1733641028.971409 -1.688590050 -0.733253539 5.535804749 0.096399687 0.048397135 -0.100147150 0.989108384
1733641029.189986 -1.709590316 -0.736856699 5.554638386 0.102138795 0.063012302 -0.103635095 0.987348437
1733641029.372259 -1.730232477 -0.738986194 5.569572449 0.105005495 0.079289734 -0.103788696 0.985857427
1733641029.591325 -1.747179389 -0.740380645 5.580242634 0.102525622 0.092086263 -0.095504925 0.985843539
1733641029.754618 -1.759662509 -0.736908555 5.580005169 0.102616109 0.100696042 -0.081002764 0.986290455
1733641029.963001 -1.772926450 -0.742820263 5.604603767 0.105217747 0.109270133 -0.086334608 0.984650016
1733641030.122090 -1.785454869 -0.748315573 5.627733231 0.108104058 0.114772685 -0.086274862 0.983716130
1733641030.358754 -1.795945048 -0.752981782 5.647449970 0.112869211 0.121845439 -0.091861852 0.981822610
1733641030.597431 -1.800455451 -0.759659231 5.664437771 0.110864356 0.122844979 -0.085695513 0.982483864
1733641030.822618 -1.799394965 -0.759387136 5.662398815 0.108064726 0.124803737 -0.076518454 0.983306229
