1733641019.455368 0.0000000 0.0000000 0.0000000 -0.0000000 -0.0000000 -0.0000000 1.0000000
1733641019.808909 -0.0271882 -0.0250225 0.0964223 0.0103766 0.0003418 -0.0024531 0.9999431
1733641020.074580 -0.0493097 -0.0600488 0.1891438 0.0157837 0.0008084 -0.0048739 0.9998633
1733641020.245266 -0.0712187 -0.1018707 0.2611753 0.0193917 0.0078554 -0.0159598 0.9996538
1733641020.401022 -0.0756253 -0.1187961 0.2841960 0.0217275 0.0147015 -0.0217866 0.9994184
1733641020.603364 -0.0679422 -0.1128623 0.2504323 0.0526174 0.0658277 -0.0445718 0.9954454
1733641020.806315 -0.0677979 -0.1188671 0.2560579 0.0416023 0.0671978 -0.0619114 0.9949476
1733641021.099769 -0.0539748 -0.1089570 0.2198902 0.0313400 0.0676760 -0.0784085 0.9941277
1733641021.250798 -0.0486048 -0.1005787 0.1807839 0.0205631 0.0719533 -0.0907633 0.9930568
1733641021.466912 -0.0474217 -0.1027706 0.1689349 0.0106859 0.0748894 -0.1004413 0.9920630
1733641021.622130 -0.0472892 -0.1032215 0.1646791 0.0035929 0.0777054 -0.0961024 0.9923272
1733641021.957524 -0.0736227 -0.1212640 0.2718721 -0.0019308 0.0817072 -0.0946159 0.9921532
1733641022.327498 -0.1080862 -0.1645172 0.5159776 0.0000586 0.0790692 -0.0900222 0.9927961
1733641022.662121 -0.1992444 -0.1809841 0.9832054 0.0092748 0.0687938 -0.0891868 0.9935930
1733641022.864288 -0.2792344 -0.1731170 1.2569519 0.0159856 0.0704829 -0.0888098 0.9934231
1733641023.014393 -0.3538026 -0.1675638 1.5085689 0.0208449 0.0715435 -0.0813344 0.9938973
1733641023.219148 -0.4157255 -0.1858694 1.7235539 0.0187622 0.0713893 -0.0765524 0.9943296
1733641023.452053 -0.4689742 -0.2111083 1.9840512 0.0236206 0.0709399 -0.0822675 0.9938016
1733641023.649594 -0.5101932 -0.2480884 2.2248445 0.0202160 0.0657199 -0.0849259 0.9940120
1733641023.889180 -0.5583366 -0.2860566 2.4775174 0.0191733 0.0609977 -0.0900595 0.9938818
1733641024.107800 -0.6195413 -0.3162512 2.7088966 0.0186650 0.0604231 -0.0829267 0.9945471
1733641024.326628 -0.6712277 -0.3443099 2.8774040 0.0127455 0.0638261 -0.0778035 0.9948419
1733641024.471354 -0.7108904 -0.3655790 3.0446148 0.0144091 0.0679673 -0.0833203 0.9940979
1733641024.695238 -0.7435873 -0.3893219 3.2694509 0.0238161 0.0656128 -0.0921766 0.9932931
1733641024.840525 -0.7730160 -0.4174650 3.5050073 0.0288122 0.0564754 -0.0918087 0.9937563
1733641025.043117 -0.8040021 -0.4556022 3.7393053 0.0269069 0.0423962 -0.0869977 0.9949422
1733641025.247642 -0.8233320 -0.4654276 3.9329269 0.0305492 0.0307108 -0.0793302 0.9959068
1733641025.456314 -0.8447989 -0.4708503 4.0550342 0.0274658 0.0229457 -0.0675005 0.9970772
1733641025.603258 -0.8812662 -0.4789604 4.1769795 0.0273800 0.0163019 -0.0617480 0.9975830
1733641025.802447 -0.9202651 -0.5029584 4.3212895 0.0290417 0.0074094 -0.0638288 0.9975107
1733641025.995694 -0.9623656 -0.5287942 4.4688601 0.0301062 -0.0044602 -0.0675535 0.9972513
1733641026.261647 -1.0065993 -0.5528294 4.6121817 0.0342467 -0.0162112 -0.0751277 0.9964538
1733641026.465351 -1.0451740 -0.5717321 4.7168040 0.0349905 -0.0332375 -0.0750180 0.9960137
1733641026.676473 -1.0927526 -0.5921579 4.8178678 0.0357823 -0.0466373 -0.0705727 0.9957731
1733641026.832038 -1.1453090 -0.6129072 4.8990045 0.0356787 -0.0523279 -0.0713785 0.9954365
1733641027.207424 -1.2771100 -0.6471614 5.0731521 0.0401730 -0.0477979 -0.0798622 0.9948485
1733641027.595231 -1.4070503 -0.6724716 5.2425070 0.0584758 -0.0346227 -0.0825509 0.9942672
1733641027.846153 -1.4665402 -0.6849684 5.3260913 0.0704688 -0.0272126 -0.0809970 0.9938477
1733641027.997315 -1.5250096 -0.6970693 5.3878345 0.0825976 -0.0133830 -0.0875659 0.9926383
1733641028.228433 -1.5663103 -0.7038674 5.4202175 0.0903723 0.0015756 -0.0941840 0.9914433
1733641028.388496 -1.5979197 -0.7061772 5.4433637 0.0969959 0.0148520 -0.0979386 0.9903430
1733641028.549256 -1.6197839 -0.7116233 5.4678049 0.0973660 0.0237264 -0.0965193 0.9902732
1733641028.826705 -1.6693673 -0.7269850 5.5133805 0.0936166 0.0384181 -0.0984432 0.9899843
1733641028.971409 -1.6885900 -0.7332533 5.5358043 0.0963997 0.0483971 -0.1001472 0.9891084
1733641029.189986 -1.7095906 -0.7368566 5.5546384 0.1021388 0.0630123 -0.1036351 0.9873484
1733641029.372259 -1.7302325 -0.7389863 5.5695720 0.1050055 0.0792897 -0.1037887 0.9858574
1733641029.591325 -1.7471794 -0.7403805 5.5802426 0.1025256 0.0920863 -0.0955049 0.9858435
1733641029.754618 -1.7596626 -0.7369086 5.5800047 0.1026161 0.1006960 -0.0810028 0.9862905
1733641029.963001 -1.7729267 -0.7428203 5.6046033 0.1052177 0.1092701 -0.0863346 0.9846500
1733641030.122090 -1.7854549 -0.7483155 5.6277332 0.1081041 0.1147727 -0.0862749 0.9837161
